.Random.seed <-
c(403L, 10L, 1939628907L, -180110071L, 584405912L, -1932844346L, 
-2098730975L, 34421939L, -405520862L, -1963712492L, 2105509015L, 
-885166451L, 1088397220L, 1620615562L, -968458763L, -2092838833L, 
1506436950L, 434937344L, 1650020163L, 69486305L, 304219216L, 
211373230L, -1997244327L, 1339226219L, 1108073946L, 2058225308L, 
1006196895L, 795480821L, -695136372L, -281026974L, 580338237L, 
1397755063L, 1853838174L, 1143289496L, -1629489669L, -572758119L, 
-1691791320L, -975939370L, 2030460241L, -871044093L, -1560743022L, 
79782180L, 732665831L, 283651133L, 149019316L, -1736656614L, 
-1496999323L, -1318351105L, -1742826618L, 783889680L, 1437756851L, 
594972241L, 1693904384L, 2058185438L, -1645942487L, -1187629861L, 
-664497174L, 652936076L, 2112668879L, 1918921861L, 1380083516L, 
1400935954L, -1500416755L, 2136497735L, 1144955950L, 151701896L, 
-473517941L, 577964649L, 1108383288L, -466030874L, -127530367L, 
-1517103597L, 137839042L, 2090855028L, 177753207L, -1368853139L, 
191613444L, 574335274L, -1482621291L, 1747326255L, -1943687114L, 
-255466400L, 214747811L, -1640587839L, 1891219888L, -2058131250L, 
-1018112455L, 1418152011L, -551003654L, -1270016772L, 2130213183L, 
1188222485L, -1681824468L, -952728062L, -266273571L, -1808807977L, 
1995428542L, -1299389192L, 486095579L, 1281114425L, -2084076408L, 
2136433718L, 2007367793L, 64180899L, 451373042L, 2103855940L, 
2007958535L, -1376673315L, -1864270124L, 391881210L, 1298500933L, 
-1298089569L, -2030261466L, 1536447408L, 909451347L, -132670607L, 
-56161632L, 1635999294L, 1229067593L, 504384507L, -1429884982L, 
319734060L, -1945150161L, -738851867L, -49759588L, 1570094834L, 
353832813L, 1052141735L, 1423076046L, -291080152L, -903814101L, 
218875465L, -187601064L, 379505158L, -780995615L, -1813720717L, 
1684742626L, -1738517164L, 703573079L, -914190259L, 1470206948L, 
-357117494L, -1484761035L, 1855305359L, 1201285014L, 1320094528L, 
2049926659L, 1237277729L, -1905537264L, -953637650L, 1161817241L, 
-339531477L, -1959608294L, 162429660L, -604738849L, 134067381L, 
371024460L, 2010091170L, -1792911875L, -643531017L, 1070331934L, 
39090904L, -1592578501L, -2103903271L, -245421720L, -1328512874L, 
1169645073L, -1622140989L, 1850215378L, -1855007132L, -810990169L, 
-2134123779L, -1254179084L, -313689638L, -937108187L, -409564097L, 
2143902662L, -1301194672L, -747252621L, -185861999L, 1419544768L, 
598287006L, -1148092823L, -732549477L, 1099531178L, -2067978292L, 
-1469908337L, -300526907L, -754124164L, -1584507182L, -890887603L, 
-1221234937L, -1732349202L, -1374697528L, -1721546549L, -1926227671L, 
-26918536L, -964409690L, 1903202497L, -1102415533L, -810555902L, 
1151016756L, -253768521L, 1285266605L, -1673229884L, 1983343082L, 
214849109L, 666830831L, 2015483894L, -498872032L, 1000742627L, 
995542913L, -676363792L, 797933710L, 1080797177L, -976978549L, 
-1343608390L, -2050135876L, -79934465L, 1778628949L, 1518109292L, 
1655236290L, 1763111197L, -112375913L, -1574239490L, 717330616L, 
-1725660517L, 392696057L, -584814008L, -817676064L, -432834526L, 
-341708504L, -562901492L, 1197311804L, 844215282L, 41585392L, 
-1983427004L, -9547176L, -391413958L, -1239525904L, 444798652L, 
2029762836L, -1271786814L, -1948113824L, 1346581372L, -1582774320L, 
1033777442L, -519865688L, 2105596812L, 1689258172L, 463576882L, 
-16700864L, 1075387572L, -1981148600L, 1145583034L, 1648280080L, 
-1568611604L, -816103084L, 1628086546L, -1402696288L, 493703884L, 
1471405664L, -898943038L, 1595610920L, -1686499412L, -477506756L, 
-1137038990L, 18586416L, 93936932L, -1206441160L, 1377963738L, 
-1285306480L, -1180553476L, 2064743316L, -724479934L, 329700608L, 
69755964L, -2079071920L, 547766434L, -1974120120L, 1777387276L, 
1967489756L, -1184490158L, 985273472L, 637489236L, -142250008L, 
1028122874L, -1550558384L, 126869292L, 1604979060L, 148736914L, 
-1964304288L, 1799175564L, 1224252256L, 883128802L, -716328024L, 
-1940523828L, 1655877628L, -1133787726L, -685042192L, 802622404L, 
-1793960616L, -1386530438L, -1349655632L, 1836939708L, 441116756L, 
1512769474L, 74854432L, -2004080452L, -895991216L, -571923486L, 
-1656291224L, -170822580L, 1249708284L, 1445743602L, 335251712L, 
-1325502092L, -492241912L, 1050324922L, 992969168L, -454284308L, 
398987668L, -2010263086L, -248938144L, -1564950708L, -1145562848L, 
1020555138L, 1827200744L, 1895125228L, -1731996612L, 194259826L, 
-1076691344L, 2081887268L, -408515784L, -336679782L, 1312355024L, 
1222361276L, -1268167020L, -489232766L, 256882880L, 1263629116L, 
-1103905648L, -190521822L, 1858666504L, 1924250892L, -936256356L, 
1193262610L, 618717056L, 1880002068L, 1333439016L, -920189638L, 
966449616L, 953734252L, -1273374412L, 678233746L, -312595616L, 
-1836063924L, 917624800L, 664881058L, 953427880L, 526871948L, 
1502439612L, -935253646L, -1260178192L, -765599676L, -1169370792L, 
-615156166L, -89670800L, -1358849988L, 1391812372L, 362247618L, 
-1224942880L, 155207548L, -291713328L, 514341026L, 1161452584L, 
-1691048692L, -330258500L, -1396168398L, 1624451520L, 2127129140L, 
1756400584L, 384866490L, -1311909488L, 559739372L, 483066452L, 
-54943598L, -44531936L, 2002241996L, 1866069472L, -1281648958L, 
1899242536L, -741346644L, -1215658820L, -437216782L, -1866735312L, 
-210291548L, 392144568L, -698249894L, 146056592L, -430247044L, 
1336285460L, -701975742L, -1731273984L, -708503620L, 153329488L, 
-181148894L, -1027769016L, 574642700L, 960444508L, -2105668398L, 
-1297409536L, -1779528364L, 992680424L, -1252082694L, 2088612048L, 
-363414228L, 2134930164L, -18871918L, 1562080352L, -777951988L, 
1066119904L, -663819934L, 2028522152L, -1170484660L, -1667497604L, 
-1349958350L, 1231949936L, 938145604L, 1252240856L, 679083130L, 
1816481328L, 2029669052L, -39825580L, 487314498L, -468505184L, 
-767296836L, -10782256L, 1788325218L, 2073309160L, 2127087564L, 
-493388036L, -801693198L, 2062461056L, -1275104012L, 804042376L, 
903055162L, -936864944L, 232871532L, -55111532L, -1220329134L, 
1165745888L, 1037562572L, 1256394912L, 1491147650L, 1977791208L, 
-2117775494L, 1082431663L, -1204030535L, 8132046L, 434913564L, 
-1965931379L, 1958119671L, 1873871872L, -1184217506L, 1810733355L, 
-1746130387L, -67093862L, 1850041944L, 708905409L, -92440973L, 
-325504108L, -1924552158L, -1248144073L, -1157901311L, -1859970810L, 
98463044L, -1004269451L, -705822241L, -347230920L, -1996759274L, 
-850542813L, 1659731173L, 1388251394L, -1552135312L, -1729567975L, 
-1859570933L, -1929461764L, 833436714L, 702640223L, 1739323369L, 
1136425214L, -640898836L, 160377917L, 715694087L, -1892754448L, 
-1006667890L, -1453865541L, -891255907L, 473282890L, 1020072296L, 
1781897041L, 1637549123L, -1388106428L, -1989145102L, -1056684089L, 
-913225327L, -488923882L, 1899038068L, 1672643589L, 1414243407L, 
-1297876920L, -522703386L, -799423725L, -727264139L, -1922961838L, 
979798176L, -117800567L, -393080389L, -1199731188L, 1875810202L, 
-599728369L, -1428265639L, 392372206L, 808167036L, 384528109L, 
-540075625L, -914779552L, -994596802L, 2036568331L, -151075955L, 
-1369104198L, 1057892088L, -429421407L, 236902483L, 63333236L, 
-874348286L, 1785332119L, -1280926879L, 910712742L, 214796708L, 
-597299115L, 1473791231L, 433465752L, -1125059914L, -208442557L, 
924448389L, 2128968482L, 926597136L, 1505500089L, -1711313813L, 
1887465308L, -254830966L, -1250987393L, 2505673L, -1584609186L, 
-1294222580L, -1325735203L, -965178393L, -1374654448L, -640778962L, 
910438875L, 1375135421L, -760245206L, -1299364664L, 1486922225L, 
430124899L, -1533905052L, -1813885294L, 566659943L, 1779709233L, 
-1112961418L, -843083884L, -568267867L, 204561583L, -1080536728L, 
1465162054L, 2032562419L, 1500622421L, -386592206L, -2070142976L, 
-1824422679L, -848477349L, 1178019244L, 339656122L, -516863121L, 
842673401L, -454233714L, 1621279836L, 849172173L, -1146011081L, 
546138304L, -1257138274L, 324172907L, -905470995L, 74858074L, 
1750286616L, -939037055L, -328727501L, -418196908L, -1551255966L, 
